4 4
0 0 0 15 12 0 0 0 0 4 0 0 0 0 8 6
0 7 6 14 4 0 9 0 16 2 0 0 0 11 0 12
8 0 0 0 0 0 0 0 0 0 0 0 14 0 0 0
16 0 10 9 7 6 14 0 8 15 0 3 0 0 0 0
7 15 0 10 0 0 12 0 0 9 0 0 6 5 2 0
4 0 14 0 0 0 0 5 0 0 13 0 3 8 0 0
12 3 0 0 15 0 0 2 0 7 0 0 0 1 0 11
11 0 0 0 0 16 0 3 14 0 0 0 0 0 7 0
0 0 0 0 0 14 0 0 2 13 5 9 0 0 0 0
6 0 5 2 0 0 7 0 0 14 0 12 0 0 0 8
0 0 3 0 0 0 0 15 6 16 11 0 0 0 0 0
0 4 0 0 0 0 11 0 0 0 8 0 5 0 0 9
0 0 0 0 0 0 0 0 9 11 0 16 0 0 0 2
9 2 0 5 0 0 6 0 0 0 10 0 7 4 0 0
3 10 0 16 0 2 0 12 0 0 0 0 0 0 0 0
14 8 0 7 0 0 5 0 15 0 0 0 0 0 0 0
